1600037
1600055
1600095
1600107
1600114
1600183
1600330
1600383
1600546
1600601
1600712
1600720
1600741
1600759
1600966
1601231
1601919
0000063
0000518
0000662
0000673
0000700
0000725
0000802
0000823
0000955
0002028
0002044
0002079
0002083
0002084
0002156
0002160
0002174
0002180
0002183
0002185
0002217
0002236
0002239
0002241
0002261
0002280
0002308
0002384
0002405
0002456
0002503
0002583
0002638
0002640
0300088
0300115
0300136
0300182
0300207
0300297
0300310
0300390
0300433
0300459
1600018
1600246
1600622
1601606
0000546
0000687
0002269
0002299
0002361
0002413
0002458
0300008
1600166
1600662
1600880
0000625
0002075
0002662
0300026
0300063
0300142
0300398
1600073
1600300
1600467
1600518
1600520
1600559
1603157
1603336
1603799
1603993
0000009
0000716
0000732
0000835
0002280
0002283
0002421
0002444
0002515
0002617
0300511
1600107
1600143
1600360
1600503
1600604
1600621
1601616
1601727
0000158
0000839
0000851
0002102
0002123
0002235
0002537
0002584
0300216
0300390
0300466
